129035
50731
36216
57776
642420
1110371
862236
642423
13323
303729
587042
157584
51758
157585
1316013
329467
253938
722517
1500689
87140
54909
179359
479862
1182934
303710
390302
1150424
1150426
1150427
1150429
411575
1150434
521020
1150445
7938
531324
490245
882754
722525
241820
2008637
1109164
1109165
308069
1109168
1109169
1109170
1109171
586781
617122
119682
722560
490246
381290
588212
178766
643502
512342
150449
217026
13353
621459
161898
197888
666523
303685
303687
863437
163632
314015
37292
586784
241269
94921
253859
555488
349651
2890334
432164
190794
722430
1182012
1469962
490251
302765
1930818
1183373
303713
1182775
303740
173318
173309
173312
75015
1156094
173315
181393
303932
202609
46612
61865
302049
303935
7808
7810
303943
8467
2008638
28803
28805
28802
56561
28806
367073
160704
160705
166770
642424
75018
37949
466120
466123
75016
1916796
489441
938382
129044
8469
241699
586795
182423
1450355
173329
2008621
161898
586798
2750679
383917
2302646
253861
1154647
241279
722433
642428
13454
34814
658150
151714
151715
151721
151717
151718
658148
2842164
587046
64101
762636
61817
2008639
90412
700790
167447
329465
44697
141418
94924
1182251
661228
2484686
146143
173322
246620
334385
1154649
229062
223145
1311434
700792
86230
722623
224713
173247
1159274
1564108
203291
203293
203294
317239
1564121
317236
203296
203297
173324
308078
308086
7928
942585
586819
2899235
942587
942925
1010786
1182014
2578277
345255
160713
160720
160721
153620
160727
3363571
27787
166776
320605
435273
700793
332418
1154651
390332
2067531
8228
1183149
938388
1046056
722563
7819
435274
1181893
879822
7801
151728
441365
1986054
2566711
2566712
3355526
2566713
1046121
1365557
1550407
274800
586823
1182252
584627
182438
876639
722564
555484
236586
555485
555487
555488
236585
555490
555492
531327
334415
119718
555495
555496
1181258
1141926
241291
2023865
288138
159712
51789
317477
316389
241299
317476
700795
700796
224705
1154652
642454
129049
129050
1986965
342441
94987
303931
2034277
109281
109288
109293
938393
272798
75024
272797
371673
722565
2484686
1197328
1190627
345254
222834
2489050
146811
146810
2676245
146808
130044
160719
160723
160724
160726
215398
57983
221866
2708534
1040951
13719
8226
139721
37003
1154654
1099869
721870
195086
202590
303728
721873
1182262
206128
50351
81370
586830
1070784
1956179
463596
151731
642456
2967958
40495
40502
40504
40505
40501
40503
40494
40497
454142
40496
40500
458582
1193716
1193718
13604
1182015
879505
879506
2482759
721871
2887288
722566
152543
2890330
318743
7932
94928
238744
278734
166773
1914690
203325
2099950
161909
94237
303715
1112860
139719
48194
426484
1111466
700652
721936
1286129
7812
303944
153621
327941
160730
327785
160736
721872
371672
182419
182420
307038
875791
7821
1182776
245691
203328
90413
40499
1182782
3065008
3064991
390356
173344
150468
252593
224711
390358
95145
482919
1365571
2008640
8173
152547
3065010
722512
586841
2968237
587067
129057
1182198
588195
588194
129059
879884
1181894
1848456
48701
69230
1154659
51798
272786
75034
428431
990230
7815
1154661
749482
2686859
685728
109682
327781
2099954
390373
1365575
764833
185883
185886
141264
259920
118255
1206156
118256
40507
1181264
1110608
1110609
160742
1182858
196071
1386171
2024619
94926
1226402
195084
188103
1236058
188104
59661
544418
84543
99341
13679
99344
99345
700800
274700
107947
146146
179365
179369
179370
41447
173321
173334
2969294
184441
237618
146818
146809
237563
59662
59663
51766
51765
59665
59666
39110
303741
722567
70868
399148
1183375
7823
195334
7824
57855
915499
937505
937506
879526
57856
935644
937508
935645
937511
937512
942588
1181895
161915
646034
1268095
258452
144197
159713
2830207
2996723
722568
94937
106209
2034277
241831
195649
1182254
1266882
1183110
637534
195653
253870
1182777
161585
1073239
161590
1226404
399151
94915
13723
76338
8236
48168
8237
203332
203333
203336
203337
1182778
173342
173331
173333
179371
9778
13733
253939
129073
129077
1206948
1154666
170826
399407
318738
1182213
480302
8245
13764
13765
13766















































































































































































































































































































































































































































































































































